ARATH	AT3G19210.1	-	1	1	1	0	0.8	1	1	1	1	1	1	1	0	0	0	1	0	1	1	1	1	0	0
ORYSI	BGIOSGA005564-PA	1	-	0	1	1	0.8	1	1	1	1	1	1	1	1	0	0	1	1	1	0	0	0	1	0
BRADI	BRADI3G58092.1	1	0	-	1	1	0.8	0	0	0	0	0	0	0	1	0	0	0	1	1	1	1	1	1	0
BRARP	Bra022395.1-P	1	1	1	-	0	0.8	1	1	1	1	1	1	1	0	0	0	1	0	1	1	1	1	0	0
SOYBN	GLYMA01G45596.1	0	1	1	0	-	0.8	1	1	1	1	1	1	1	0	0	0	1	0	0	1	1	1	0	0
MUSAM	GSMUA_Achr5P24600_001	0.8	0.8	0.8	0.8	0.8	-	0.8	0.8	0.8	0.8	0.8	0.8	0.8	0.8	0	0	0.8	0.8	0.8	0.8	0.8	0.8	0.8	0
ORYBR	OB02G40520.1	1	1	0	1	1	0.8	-	1	1	1	1	1	1	1	0	0	1	1	1	0	0	0	1	0
ORYBA	OBART02G33600.1	1	1	0	1	1	0.8	1	-	1	1	1	1	1	1	0	0	1	1	1	0	0	0	1	0
ORYGU	OGLUM02G34050.1	1	1	0	1	1	0.8	1	1	-	1	1	1	1	1	0	0	1	1	1	0	0	0	1	0
ORYME	OMERI02G31160.1	1	1	0	1	1	0.8	1	1	1	-	1	1	1	1	0	0	1	1	1	0	0	0	1	0
ORYNI	ONIVA02G36050.1	1	1	0	1	1	0.8	1	1	1	1	-	1	1	1	0	0	1	1	1	0	0	0	1	0
ORYPU	OPUNC02G30870.1	1	1	0	1	1	0.8	1	1	1	1	1	-	1	1	0	0	1	1	1	0	0	0	1	0
ORYGL	ORGLA02G0290100.1	1	1	0	1	1	0.8	1	1	1	1	1	1	-	1	0	0	1	1	1	0	0	0	1	0
POPTR	POPTR_0004s14870.1	0	1	1	0	0	0.8	1	1	1	1	1	1	1	-	0	0	1	0.4	0	1	1	1	0.1	0
PHYPA	PP1S236_78V6.1	0	0	0	0	0	0	0	0	0	0	0	0	0	0	-	0	0	0	0	0	0	0	0	0
PHYPA	PP1S341_67V6.1	0	0	0	0	0	0	0	0	0	0	0	0	0	0	0	-	0	0	0	0	0	0	0	0
SETIT	Si019738m	1	1	0	1	1	0.8	1	1	1	1	1	1	1	1	0	0	-	1	1	0	0	0	1	0
SOLLC	Solyc04g056400.2.1	0	1	1	0	0	0.8	1	1	1	1	1	1	1	0.4	0	0	1	-	0	1	1	1	0.4	0
SOLLC	Solyc04g056410.2.1	1	1	1	1	0	0.8	1	1	1	1	1	1	1	0	0	0	1	0	-	1	1	1	0	0
WHEAT	Traes_6AL_2AEB1031F.1	1	0	1	1	1	0.8	0	0	0	0	0	0	0	1	0	0	0	1	1	-	0	0	1	0
WHEAT	Traes_6BL_F3A5A99E6.1	1	0	1	1	1	0.8	0	0	0	0	0	0	0	1	0	0	0	1	1	0	-	0	1	0
WHEAT	Traes_6DL_3FCDE4CA1.1	1	0	1	1	1	0.8	0	0	0	0	0	0	0	1	0	0	0	1	1	0	0	-	1	0
VITVI	VIT_03s0063g00580.t01	0	1	1	0	0	0.8	1	1	1	1	1	1	1	0.1	0	0	1	0.4	0	1	1	1	-	0
ARALL	fgenesh2_kg.8__2403__AT5G63950.1	0	0	0	0	0	0	0	0	0	0	0	0	0	0	0	0	0	0	0	0	0	0	0	-
